2500
375 695 581
-119 212 -221
334 -560 280
326 -683 431
31 -571 428
198 -529 444
-862 540 -93
-234 202 -96
440 789 477
-748 724 -28
202 -564 347
131 -650 218
-738 726 -163
41 -454 310
-763 589 -169
293 -706 382
-145 -96 -176
131 -526 373
-307 -89 4
414 857 648
154 -537 313
-824 623 -50
-773 676 -237
-251 1 -103
115 -722 397
-144 99 -137
32 -597 335
102 -647 472
-635 489 -215
-269 89 -155
491 658 668
-129 -98 -175
-227 213 -296
604 830 654
125 -512 402
-238 199 -209
527 899 560
-332 41 -82
577 614 624
-574 677 -63
-810 777 -111
368 722 467
-288 -24 -212
-575 715 -67
-344 49 -126
389 768 541
-104 -100 -236
519 755 687
287 -468 496
-699 788 -30
317 739 627
-92 70 -276
110 -457 256
-380 -86 -271
235 -721 487
-270 27 -80
289 -638 412
467 709 605
348 787 725
73 -550 288
-873 492 -179
563 887 551
74 -426 209
349 -675 418
303 622 676
-289 -99 -188
-195 86 -184
-837 558 -183
-680 599 -231
-333 -83 -143
-830 656 -214
493 839 530
-183 -29 -184
230 -606 312
-286 64 -171
-662 602 -193
102 -645 378
-886 726 -40
-827 781 -247
-851 509 -267
53 -723 460
366 654 683
59 -670 374
441 911 497
-113 120 18
225 -639 484
-385 163 -34
529 739 463
506 823 518
576 838 651
-276 141 -95
313 650 489
313 766 708
-613 706 -50
-739 713 -165
-655 630 -85
-169 -32 -222
-144 -103 -23
-566 622 -60
544 830 637
-259 156 -159
447 809 445
334 624 678
329 875 595
-282 9 -159
-820 650 -46
-364 81 -32
248 -454 511
593 867 742
-750 695 -264
-313 169 -181
516 915 605
586 843 706
137 -448 370
-639 540 25
545 742 642
101 -651 200
556 793 742
-341 11 -134
-145 106 -124
-238 80 -170
330 -720 455
-348 185 -119
-794 663 -240
324 -503 383
-378 1 -17
422 770 637
133 -459 252
522 913 672
288 -685 377
378 773 705
248 -446 277
74 -555 365
218 -715 226
-709 549 -250
-785 647 -13
-610 783 -86
190 -553 214
328 -678 353
520 658 684
-368 -93 -180
257 -630 244
241 -624 350
336 775 446
289 829 607
73 -454 408
-379 -57 -237
-737 594 -105
383 834 544
309 -702 283
-254 155 -25
-644 689 3
158 -726 322
329 -521 228
-155 154 -55
-277 105 -197
-746 678 5
-403 -76 -186
-91 67 -75
296 -602 519
47 -476 295
587 866 451
511 864 569
421 818 704
-852 756 -58
-173 -93 -284
291 -435 280
539 838 586
-237 24 -228
-333 173 -60
-206 18 -135
-222 24 -218
81 -492 478
66 -524 260
313 747 587
178 -518 266
563 708 720
405 866 469
-295 166 -59
-91 125 -241
59 -531 300
-610 572 -55
-611 575 -28
-164 2 -103
-783 623 -97
-802 658 -115
-839 545 -253
478 691 608
-785 574 -32
-374 144 -132
-683 714 -57
-791 736 16
604 713 572
-716 780 -131
-746 674 -154
118 -528 444
-847 719 -74
602 838 648
-358 39 -127
-637 656 -54
-858 609 -241
31 -688 292
-311 -24 -160
67 -561 445
353 735 583
-827 635 -281
276 -730 515
494 871 637
98 -612 514
331 709 711
-383 -82 -195
-644 481 -214
365 753 608
-829 587 -27
365 790 705
-784 675 -74
187 -626 456
100 -645 456
-798 543 -2
481 700 742
170 -482 230
290 723 469
283 -451 354
-114 -14 -160
339 842 522
324 -516 355
-878 719 -52
317 -527 226
199 -569 218
-92 20 -246
433 729 561
-226 -65 -199
308 -707 235
-661 751 -258
-632 701 -111
391 779 697
299 -480 228
-842 499 -115
340 -677 459
-599 479 -157
318 -550 340
-133 -22 -295
511 878 636
361 670 626
309 851 570
543 654 534
109 -637 292
458 684 728
316 -637 494
-866 479 -199
31 -718 343
-199 -20 -94
-843 686 -53
-351 -80 -264
455 854 751
194 -620 407
-257 157 -173
-581 676 -116
484 866 673
245 -621 316
-185 55 -66
-310 106 -98
-745 699 -177
113 -659 248
-348 33 -199
-862 692 -250
-779 765 -114
-194 3 -278
291 874 479
-338 148 -34
-332 72 -188
-311 50 -79
-731 720 4
-637 564 -266
558 846 454
-384 105 -33
455 781 622
-95 126 -186
-747 560 -12
-835 513 -116
349 -653 205
326 676 457
-711 615 -5
359 693 548
543 658 440
308 734 626
-290 214 -63
430 642 519
-137 -47 -130
506 869 529
579 750 705
-105 -68 -119
-106 169 -111
-697 651 -32
291 -449 402
428 727 488
-216 11 10
-279 91 -248
121 -535 413
-234 150 -267
70 -659 434
-344 108 -177
-270 48 -200
-778 680 -232
344 772 693
170 -644 253
531 698 565
263 -566 504
-255 -82 -293
546 744 738
78 -426 308
-351 101 -214
348 -429 458
333 812 569
-643 750 -35
287 -483 258
114 -546 314
-292 123 -247
545 813 731
443 668 691
259 -653 309
446 852 713
-744 747 -102
-314 -29 -114
-791 533 -135
226 -529 471
64 -548 359
-878 746 -130
-344 -42 -144
-342 42 -300
408 731 671
201 -720 259
227 -723 413
-296 -78 -283
406 856 442
-800 519 -135
408 666 721
351 901 670
606 879 442
-294 29 -99
227 -715 401
-880 726 -115
-138 -89 -216
-674 532 -284
-847 754 -274
401 763 716
596 844 635
369 672 502
336 -414 469
-849 525 -285
-190 189 -206
233 -528 252
-318 -38 -185
-137 -83 -218
-642 705 -260
-398 4 -32
-306 129 -55
-815 510 -137
240 -525 391
-725 766 28
-784 553 -213
467 602 605
-656 497 -164
-837 614 -119
-175 166 -278
-614 552 -99
-248 66 -93
85 -556 379
127 -452 424
-147 0 -29
230 -477 318
-717 726 -231
86 -471 483
-126 98 -284
-323 160 -266
-726 492 -123
-289 104 -95
117 -729 205
-400 -71 -104
-213 166 -103
-276 11 -106
394 624 611
-338 179 -125
-183 -72 -151
44 -497 457
299 904 442
-167 -93 -171
456 780 538
-313 -79 -275
327 844 450
83 -457 470
46 -575 217
366 606 494
535 785 614
72 -618 510
-376 191 -166
514 644 743
-879 644 11
-811 574 -117
30 -488 273
134 -605 272
523 888 466
261 -475 223
-784 578 -232
-826 789 -208
346 -574 407
-862 514 -189
-134 14 -124
396 893 531
527 629 604
330 729 743
416 741 482
-856 680 -273
317 849 604
119 -602 303
568 880 594
530 700 701
-126 205 -169
-260 -36 -143
-739 592 -119
430 888 746
-239 184 -237
307 -547 228
-341 -723 -429
-328 170 -245
-204 -22 -182
155 -679 509
-94 136 -295
-756 552 -170
46 -452 252
290 650 648
141 -642 385
-761 684 -229
279 -505 329
-358 -63 -51
86 -531 441
152 -641 218
223 -657 330
496 743 628
-853 532 -49
-401 44 -18
-150 -85 -143
499 660 725
69 -685 240
-684 575 -189
-375 -86 -20
234 -668 472
492 904 445
-136 21 -121
516 785 488
538 812 741
489 909 493
221 -595 411
-886 601 26
-741 559 -118
74 -505 239
-204 -5 -31
-349 62 -159
-757 659 20
545 785 681
256 -641 341
124 -570 478
-773 578 -214
-593 581 -195
427 3 -548
226 -471 366
601 653 601
-283 135 -199
-680 580 -213
583 624 446
522 774 645
-757 564 -210
517 899 572
533 730 540
-702 714 -151
-214 -33 -234
-201 -81 -109
-313 -96 -111
-142 68 -85
-846 666 -7
-771 660 -117
37 -529 474
254 -478 466
-252 188 2
-251 -51 -136
343 -482 320
-326 150 -156
557 698 565
-604 761 17
-200 196 -88
-117 30 -19
-221 37 -155
-654 630 -152
-315 -54 -6
-702 697 -164
-141 130 -60
-798 630 -154
-776 605 -119
465 636 676
289 -732 309
499 912 439
-633 651 -150
586 844 731
471 716 547
-397 149 -242
326 -675 486
446 798 477
-141 -96 -157
-875 574 -82
-799 502 -1
225 -616 324
-308 23 -78
-765 503 20
313 658 667
476 891 708
302 713 654
-317 169 -7
-315 -70 -290
604 784 664
67 -720 500
-192 30 -25
342 -446 208
446 760 477
-173 21 -165
305 -714 480
347 -532 471
-721 593 -268
-688 664 -74
-752 534 -235
456 765 671
561 859 735
-336 135 -265
-620 677 -117
-285 148 7
592 676 734
-225 48 -64
-405 19 -98
-361 151 -132
-313 34 -229
-313 189 -78
-834 561 14
-864 705 18
-136 -21 -91
297 -734 426
263 -570 362
564 657 689
307 -478 294
33 -589 271
-211 -1 -209
-102 -100 -267
243 -564 296
-761 790 -141
-633 636 -43
578 765 707
411 906 647
-881 707 -68
-98 131 -83
574 690 498
-692 720 -44
-187 -35 -240
529 893 695
30 -689 504
514 758 629
423 864 445
-216 158 -188
373 725 731
146 -524 423
-159 150 9
-346 165 -95
-338 146 -241
577 846 614
-375 101 -52
-777 498 -160
-605 617 27
-767 528 -278
318 893 682
133 -699 281
386 756 505
-134 -56 -40
-397 128 -297
-225 -1 -164
58 -517 271
303 -619 363
427 844 539
-685 685 -255
326 646 542
-192 129 -32
-670 476 -251
-170 193 -228
55 -713 485
-583 483 -243
-389 157 -168
-660 591 -34
197 -733 452
168 -599 439
580 634 580
221 -499 205
465 903 539
-749 574 -176
341 832 454
403 639 625
-134 129 -291
306 -431 516
403 800 661
523 656 508
-726 681 23
346 626 706
-823 545 -72
124 -726 265
-658 630 29
-775 503 -172
-772 686 -193
381 650 702
601 888 494
-185 -312 256
-641 486 -44
245 -559 495
-605 529 -246
-599 792 -57
252 -593 266
-379 -29 10
-224 121 -262
150 -461 333
378 696 474
-328 107 -262
330 -681 378
-334 212 -262
342 831 548
-96 152 -271
-755 500 -121
182 -662 214
-690 566 -198
74 -650 256
117 -733 427
147 -567 496
-873 668 6
-234 -44 -154
-272 -94 -284
195 -554 276
379 874 607
-871 540 -108
-592 771 -73
340 696 456
-340 71 -198
-864 485 -199
-272 202 -298
-135 124 7
-805 579 -64
-639 497 -257
483 702 471
67 -596 491
-759 532 -163
550 762 460
-373 60 -120
-277 -45 -95
92 -460 464
-758 498 -144
236 -464 246
-870 792 -239
-295 166 -234
-376 199 -291
399 606 527
387 721 493
-123 142 -172
259 -607 351
-730 740 4
201 -418 262
-135 -90 -24
293 639 705
49 -493 400
438 838 680
-700 655 -121
520 767 618
541 902 451
-668 531 -136
-324 61 -251
486 699 492
499 729 564
-173 97 -153
191 -436 226
-95 170 -91
-816 477 -40
345 840 527
-619 561 -267
-698 609 -107
-331 57 -172
185 -638 285
123 -700 283
342 -714 285
-679 493 -113
101 -480 491
163 -476 287
-873 770 -13
-219 -94 -147
381 892 597
-878 697 -156
591 612 699
570 688 515
-785 644 -285
-234 111 -250
-813 547 -60
289 -651 334
151 -594 359
-812 767 -82
-825 700 -28
-865 505 -84
136 -667 447
-261 -6 -82
559 810 581
-167 110 -131
-862 485 -110
342 856 527
-398 72 -167
-580 596 -253
-574 682 -140
45 -616 496
-570 693 -264
344 782 713
307 -676 202
245 -438 313
-383 -25 -91
106 -486 312
174 -666 286
-740 718 -106
482 808 463
289 -688 325
293 -731 308
-377 -96 -226
299 -684 322
-205 -3 -211
-652 538 3
244 -576 449
259 -552 498
162 -442 359
-215 172 -143
328 872 608
-832 728 -240
413 664 520
-832 781 -167
-270 215 -265
96 -605 456
486 780 729
-821 625 -178
600 837 734
372 766 708
296 742 580
214 -422 293
217 -548 497
204 -441 456
-106 74 -207
-221 -44 -41
337 -523 308
-690 681 -242
288 772 698
-845 730 -29
-261 35 -219
-725 475 -113
73 -464 483
402 780 455
-728 538 -229
-578 622 -121
545 788 655
-289 -24 -83
473 778 633
319 789 636
309 -667 303
439 726 546
330 -487 412
-843 782 -172
-360 -95 -301
315 -488 440
340 623 462
-704 785 18
-822 620 30
-134 190 -84
58 -546 402
414 771 595
-621 562 -194
605 607 673
148 -523 300
72 -612 270
487 717 440
311 920 674
528 901 528
299 -523 321
-205 151 -174
-139 -75 13
-170 149 -289
-362 36 -71
-709 783 -216
-793 556 -5
68 -502 397
342 762 534
-386 -99 -282
-109 191 -51
-385 -23 -100
-333 52 -45
-90 187 -214
-209 -50 -183
547 785 560
302 -470 210
520 809 647
-699 705 -29
-853 662 -100
-629 682 -194
584 632 599
391 686 496
-345 -41 -236
441 861 590
-248 168 -102
-334 -55 -243
-120 14 -227
144 -435 309
204 -528 227
544 616 668
79 -722 472
-698 783 -254
569 649 498
124 -669 365
-403 -44 -275
582 742 675
359 699 663
-278 149 -254
-745 501 -75
491 754 587
-352 23 -129
-734 663 -217
572 698 693
-254 -89 -41
42 -681 204
-683 502 -85
-159 194 -195
601 746 634
232 -497 500
157 -704 233
-258 193 -81
110 -650 377
-710 510 -165
-91 22 -140
261 -712 310
508 732 532
-150 137 -110
-358 -39 -300
-366 -83 -186
175 -659 454
64 -451 387
-825 619 -175
-697 581 -41
-819 538 -78
193 -714 406
-180 -14 -212
-839 747 -72
-121 -60 -91
-232 55 -42
557 918 644
-710 501 -4
-649 789 -111
-727 480 -31
198 -694 455
-845 638 -98
329 644 754
-307 110 -110
60 -669 371
77 -441 259
-401 180 -274
156 -713 485
210 -548 483
228 -638 389
-636 790 -178
308 674 675
-260 134 -289
-340 78 -107
-574 585 -12
56 -438 472
-726 513 -281
-88 17 -170
-272 55 -169
-394 22 -291
-592 700 -34
-776 710 -160
-140 169 -12
86 -728 401
-293 170 -73
217 -518 384
122 -507 399
-216 42 -108
-261 -87 -280
-598 650 -16
128 -428 498
-795 761 -29
-91 129 -95
235 -661 263
-211 208 12
-679 730 -62
298 -713 218
493 806 553
528 616 463
195 -551 457
-308 -13 -19
90 -572 361
-95 189 -238
-280 136 -162
-146 43 -122
-233 33 -288
-348 -34 -147
-834 606 -205
-325 82 -280
442 611 483
363 893 695
775 -756 -415
-369 95 -148
-816 545 -273
-595 618 -25
-283 184 -281
-221 116 -152
453 748 454
-307 159 -103
-701 641 -116
-702 755 -180
-791 579 -181
324 909 712
-248 217 -4
-773 696 -147
571 677 738
583 908 713
430 674 565
-197 -83 -178
-294 53 -65
246 -484 241
477 661 512
532 680 716
-293 210 -128
-846 655 -6
447 902 515
323 659 622
-169 -99 -21
292 717 611
-788 730 -32
-710 557 -34
599 828 697
359 895 636
551 713 649
86 -496 205
352 717 628
-873 579 -137
-314 -74 -254
183 -602 374
-786 751 -134
322 -582 254
-630 623 -157
-294 -82 -21
410 744 625
-810 601 -238
-353 5 -271
158 -421 426
-595 579 -55
152 -728 295
601 779 650
-225 4 -246
559 744 697
-763 512 -265
-727 726 -52
-367 -31 -14
-712 626 -126
464 810 645
245 -618 261
218 -427 337
515 721 694
41 -720 230
252 -448 447
-300 62 -62
115 -528 513
423 705 678
-216 202 -27
167 -668 310
561 765 604
-704 575 -72
171 -555 454
307 780 661
-663 602 -225
439 835 676
-341 175 -62
-366 127 -240
525 793 757
-591 613 19
-283 27 -12
565 646 625
156 -709 335
474 799 622
-746 603 -148
-153 181 -214
-736 733 -15
436 830 469
-238 27 -88
-844 562 -219
-791 642 -53
425 766 534
600 740 486
-852 578 -204
-658 503 -265
-342 -91 -142
-616 630 30
-801 612 -247
114 -499 430
-797 658 -200
-665 630 -256
202 -458 360
170 -555 457
304 -515 402
-661 548 -243
504 828 470
368 665 535
-343 70 -162
-733 515 -232
-298 135 -16
-807 497 -200
-613 604 -152
708 449 570
255 -535 364
-307 150 -220
-405 139 -41
-226 -103 -142
189 -551 365
-188 92 -146
336 708 617
430 904 623
474 660 678
509 660 509
415 799 743
-97 20 -283
-308 61 -105
258 -533 224
260 -556 264
-868 585 6
171 -453 223
94 -476 354
-109 -24 -91
276 -610 233
572 818 458
-846 589 -121
282 -542 403
-132 138 -174
342 -500 415
-278 -32 -157
350 667 567
355 666 614
349 -501 247
542 739 461
-328 -40 -294
-715 693 -195
-838 725 -285
-207 -86 -90
519 744 691
588 683 528
-876 579 2
294 -632 381
257 -628 484
367 674 748
337 -597 262
-592 706 -286
570 913 671
-325 29 -101
-769 572 -278
357 795 460
-346 71 -216
546 780 651
109 -645 397
248 -452 380
51 -658 517
-758 535 -36
221 -619 221
-377 -31 -251
559 802 731
90 -704 505
-626 570 -114
-208 -88 -243
444 878 627
-824 510 -137
-195 25 -218
240 -667 243
-202 95 -211
466 627 672
-809 514 -203
-234 182 -143
-102 5 -17
-339 194 -79
571 633 733
-614 695 -16
-748 751 -165
-692 510 26
170 -632 289
311 872 692
-320 101 -62
345 657 630
105 -667 490
-841 712 -30
115 -462 339
386 783 653
-663 558 -22
-880 542 -31
37 -564 201
-631 660 -280
-768 517 21
265 -505 430
-575 573 -148
554 726 758
301 681 723
466 702 553
-738 647 -103
223 -649 370
103 -507 247
-743 780 25
-92 200 -243
-641 740 -52
-315 94 -163
451 802 548
-604 653 -288
283 -628 520
271 -688 432
-163 116 -249
385 757 597
64 -521 465
246 -464 268
-316 153 -213
-757 526 15
183 -580 251
-369 -30 -296
323 -648 261
340 -561 349
311 -721 351
370 910 603
-288 -57 -183
-821 661 -272
439 785 651
243 -464 398
331 -690 272
332 -671 396
-786 492 -189
224 -470 508
478 708 494
457 691 443
285 -643 290
-640 712 -227
-195 -66 -149
-586 701 -58
-575 587 -206
-126 27 -5
555 890 579
-646 617 10
-295 122 -238
-360 12 -275
-782 647 -150
-573 567 -226
-609 717 5
438 851 485
442 921 503
507 695 645
-112 18 10
288 -472 396
522 641 669
-680 593 -30
296 -522 213
-671 768 20
-821 762 30
-209 73 -121
115 -681 415
80 -631 458
-633 773 23
487 733 748
164 -425 361
450 648 505
161 -487 407
-91 127 -193
245 -473 491
-679 615 -195
-175 36 -191
-284 -68 -167
100 -636 338
428 661 650
-95 -12 -131
-647 687 -45
-239 106 -164
-103 166 -74
540 681 528
448 756 692
106 -427 276
172 -587 359
316 911 742
-93 191 -220
-199 184 -265
-772 627 -263
-145 110 -148
-832 574 20
364 916 565
-625 655 -68
76 -499 329
296 632 447
-129 116 -300
-691 581 -133
509 826 633
572 633 512
-117 217 -150
228 -531 285
258 -684 434
-614 573 -51
-700 568 -280
-209 -60 -214
-858 634 -187
-660 562 6
-236 -88 -152
-591 491 -89
392 679 630
-645 657 -269
-622 691 -20
297 864 698
487 683 577
-339 -3 -118
-689 641 20
-129 -75 -153
-566 553 -283
-295 66 -274
83 -417 290
57 -619 243
-176 -97 -97
-165 -8 -289
298 -455 267
94 -694 374
-373 11 -208
-748 569 -250
96 -439 356
-676 713 -33
-631 757 -241
-676 720 -101
493 820 518
-165 -16 -104
119 -483 479
335 720 673
444 647 691
478 675 719
548 866 689
149 -536 359
-629 609 -239
-341 -61 -302
337 -625 379
-773 665 -93
117 -701 270
-654 532 -70
195 -509 420
195 -683 410
526 685 630
82 -653 273
-216 68 -268
239 -540 451
292 -466 229
164 -591 431
-341 -37 -282
254 -661 363
388 901 706
-811 479 -147
246 -600 421
-683 712 -216
243 -571 340
112 -723 375
-156 33 -21
588 922 507
348 816 627
223 -593 308
300 -434 265
-637 533 -288
-876 482 -203
-797 737 -206
127 -592 517
-678 572 -172
280 -605 374
-574 760 -39
41 -667 242
292 887 615
-723 696 -183
-104 -13 -180
-225 145 -147
-137 175 -42
-783 603 -125
-94 192 -84
185 -537 484
-263 135 -86
241 -518 386
-100 99 -219
447 806 749
-634 493 -59
-269 -37 -39
335 623 556
-622 645 -265
498 844 604
-857 519 -185
-703 748 -235
-319 43 -47
539 859 600
57 -607 343
-348 37 -225
-881 792 -70
276 -646 274
165 -418 216
211 -725 318
-266 -41 -72
-148 0 -31
143 -681 233
-782 628 -226
-859 619 -61
59 -419 507
321 746 611
425 616 726
169 -561 284
-275 18 -273
288 865 739
299 670 529
191 -695 409
379 815 740
598 644 472
-239 47 -135
150 -556 437
248 -491 275
-159 145 -291
-657 793 -5
-780 560 -243
314 682 514
100 -527 248
396 849 476
-645 495 29
501 782 705
-292 -12 -169
308 713 575
-589 769 -217
230 -532 290
-380 43 -280
376 680 719
100 -704 405
346 810 745
-256 80 -122
-731 704 -9
534 776 556
184 -555 487
-168 73 -201
377 868 439
473 634 661
-700 486 -155
-346 -92 -265
-569 620 -264
-92 73 -204
-664 788 -276
561 856 483
454 679 753
-652 605 -47
-339 -99 -61
583 768 676
-352 80 -250
-369 146 -98
-317 23 -173
-566 693 -192
-726 749 -109
259 -679 264
-633 723 -131
-793 487 -21
-683 476 -2
490 743 488
-391 176 -1
351 664 482
220 -620 488
-852 772 -282
-170 19 -281
-869 599 0
-854 502 -76
389 659 442
208 -613 393
-579 587 0
-230 29 4
349 -526 312
-860 737 -132
499 637 742
-811 550 -248
-586 650 -94
-287 -63 18
248 -443 304
407 827 690
-685 604 -177
-131 107 -180
-644 548 -124
-712 702 -237
-400 65 -210
481 731 618
370 897 682
577 886 608
-568 545 -275
413 854 559
140 -644 367
149 -704 229
581 774 753
-286 -7 -224
-382 182 -125
-798 597 -141
-754 646 -111
507 655 571
232 -708 452
-263 174 -86
436 699 529
302 -642 399
-601 604 -102
-693 784 -208
60 -559 268
-274 0 -131
379 646 625
66 -642 515
-655 586 -169
335 779 702
135 -717 335
-366 97 -275
179 -568 348
355 667 591
113 -476 455
446 761 588
325 -577 497
345 -696 314
-799 646 -255
521 831 720
107 -605 463
-221 -91 -131
293 -627 353
393 854 468
135 -649 426
234 -492 225
-688 673 -238
-826 657 -60
-390 122 8
-202 48 -234
338 -418 478
410 897 446
294 -519 435
-750 554 -86
96 -540 518
-617 599 -247
545 876 692
60 -484 263
283 -458 220
552 886 529
113 -426 487
119 -602 498
192 -607 429
241 -568 294
-830 673 -79
-220 124 -163
-136 -97 -279
-96 150 -27
357 764 723
-866 727 30
362 630 641
366 641 508
593 919 547
-279 -4 -110
-364 16 -130
-790 533 -268
405 897 699
99 -475 504
105 -529 269
423 904 653
151 -583 404
-163 24 -271
-656 609 -211
-807 499 -49
85 -648 341
-273 203 -302
-321 57 -130
279 -652 385
166 -648 387
-170 46 -234
594 769 703
495 714 632
125 -581 424
512 655 606
74 -509 401
419 621 610
294 -614 331
86 -639 475
244 -623 286
326 -468 262
74 -664 431
-153 179 -167
437 728 570
-850 584 -4
384 701 707
-161 181 -285
403 865 656
-659 727 -152
252 -449 261
266 -457 326
58 -517 268
-624 494 -156
240 -604 506
319 619 630
406 725 636
-196 36 -284
232 -595 404
107 -668 442
-691 619 -241
321 917 714
342 719 458
-831 588 -82
-275 153 -242
528 703 510
155 -567 463
-876 521 -24
-853 708 -40
-650 578 -97
-694 726 -218
136 -604 504
-289 -38 -243
74 -706 347
-665 545 -151
-616 767 -59
332 -725 211
235 -470 323
-122 131 -76
-676 521 -162
387 681 493
587 754 455
344 -414 440
473 811 604
505 798 743
-868 620 -106
432 792 675
-262 210 6
-860 511 -147
-664 640 -187
-315 -33 -35
264 -422 321
239 -444 300
-805 668 -110
-116 210 -247
-99 -56 -211
-792 641 -197
-291 -30 -104
402 676 551
-229 -54 4
344 629 757
198 -677 510
-633 631 -207
385 731 707
66 -501 375
286 -564 324
-397 177 -248
410 695 674
521 872 751
-774 490 -280
526 871 450
220 -499 324
-609 785 -133
-702 553 -77
595 665 469
-878 653 -150
550 768 565
285 -107 -62
-374 86 -111
-681 661 -212
-86 -31 -91
89 -522 479
87 -448 498
-835 508 -93
41 -528 381
-781 753 -146
-854 642 -162
161 -592 438
-144 -45 -283
-755 612 -129
493 757 656
-885 716 -21
-157 -30 -95
-120 -33 -185
289 -601 274
344 -550 209
-232 60 -237
-580 555 -97
-584 641 -73
258 -512 488
107 -667 287
-218 62 -270
-378 -32 -238
62 -451 315
-581 727 -254
312 -496 232
-640 656 -267
182 -462 376
-852 703 -153
567 651 606
-245 -101 -245
41 -461 271
38 -84 -571
516 775 733
294 -566 432
-272 84 -27
-766 660 -30
-600 686 -106
-704 727 -127
-164 117 -56
-866 744 -50
-344 -35 8
-397 202 -176
-351 126 -174
392 825 530
152 -734 302
395 831 723
463 784 723
-242 -20 -255
199 -684 200
198 -481 256
-616 486 16
445 725 685
-845 584 -11
-88 4 -42
-696 694 -73
-586 567 -16
-105 148 -146
337 844 449
414 877 688
-174 150 -243
-130 -45 -109
-644 687 -164
-620 524 -35
303 -680 268
294 805 559
488 880 636
-624 781 -205
115 -460 418
87 -590 404
189 -581 209
362 809 588
237 -520 437
485 713 451
49 -506 283
-387 12 -193
-265 99 -26
-113 6 -159
325 911 503
310 883 468
43 -590 353
492 902 551
-365 -98 -128
596 739 440
254 -450 306
-805 717 -235
-146 -15 -228
-164 165 -229
405 864 613
-245 85 -50
163 -516 419
-235 -57 -194
-111 208 -19
475 829 692
-702 730 -270
420 659 749
-366 -92 -301
322 -572 393
-791 732 -107
-642 714 -270
-608 494 -284
-219 -50 -104
137 -425 377
-634 695 -79
-254 103 18
-303 -93 -280
-727 511 -242
379 740 669
-266 -90 -50
67 -607 295
-843 660 -18
-164 91 -244
586 754 522
-369 50 -94
185 -649 480
-804 654 -64
-298 -48 -66
255 -570 238
-706 611 -223
-593 508 1
318 -662 399
124 -436 382
252 -733 436
599 840 495
-194 62 -142
353 786 727
-166 167 -179
-791 788 -1
-750 583 -101
570 808 490
339 794 627
257 -637 283
-588 524 -87
-149 -10 -264
-637 526 -245
418 819 474
-148 -8 -302
466 755 544
101 -481 319
390 823 515
334 913 477
144 -666 408
344 917 555
-289 -50 3
544 848 613
-701 716 -179
-677 647 -262
331 -534 445
-684 666 -262
183 -523 434
-741 620 -284
490 796 521
601 820 585
452 619 572
416 880 609
275 -624 215
576 733 592
-610 660 -35
-127 151 -225
-206 -7 -292
-854 597 -277
-253 110 -89
-176 -54 -61
363 911 500
123 -559 409
284 -589 486
264 -565 518
-832 780 -242
-585 542 -203
563 738 727
154 -449 392
521 743 562
-358 174 -46
395 842 733
-847 658 -87
357 716 522
-719 485 -44
312 -522 301
348 -625 274
-584 579 -84
167 -541 358
-310 -49 -10
-623 722 -173
-188 -46 8
-177 -75 -228
269 -703 454
-235 -75 -231
-757 764 -53
298 -725 225
-194 141 -288
-750 525 -98
295 -471 518
343 751 519
131 -502 231
335 -678 392
-391 -84 -292
282 -475 470
126 -543 491
48 -722 254
76 -423 503
-594 763 -250
-859 681 -187
517 723 471
-86 -33 -83
-336 94 -157
-237 110 -238
-804 728 -117
248 -581 457
-388 31 -249
-575 646 -275
556 849 543
-618 548 -207
221 -672 509
309 869 606
331 -457 367
-803 568 -229
-156 137 -139
342 -549 513
311 723 661
564 862 441
554 883 700
583 740 755
-775 636 -152
-870 776 -92
424 724 635
179 -484 487
155 -717 408
390 641 500
334 -439 394
525 825 708
-356 216 -95
521 828 469
-230 -31 -77
-203 -22 -164
-342 -83 -171
582 897 450
-728 480 10
-650 645 -41
-364 -65 -296
333 692 471
-108 69 -68
-389 129 -122
-851 503 -278
310 -622 511
140 -533 329
-849 493 -275
-319 13 -212
537 677 654
89 -707 224
-226 62 -56
-351 90 18
169 -671 430
-838 539 -183
520 839 723
-172 89 -162
-336 161 -286
-673 770 -182
-578 715 -211
456 671 686
-386 23 -228
-855 745 -6
-605 686 -60
357 823 593
-666 715 -232
-713 486 -279
-227 116 -259
-181 85 8
-387 157 -54
-776 658 -201
435 796 717
594 793 626
-168 56 -187
-366 133 -14
40 -626 451
249 -458 312
-150 115 -104
400 784 593
140 -728 264
315 -418 247
231 -629 479
-734 750 -281
286 677 506
596 909 544
284 -501 433
-591 713 -229
-674 577 -110
324 -513 352
-602 688 -196
120 -496 252
536 879 503
350 -726 447
-874 760 0
423 652 480
370 813 446
149 -672 367
-684 729 3
-309 165 -181
-869 507 -268
472 773 479
-157 179 -148
477 733 689
-158 209 -182
53 -448 409
-238 131 -206
248 -472 432
-310 118 -101
202 -589 331
-579 608 -60
-382 -46 -285
577 782 574
-230 -57 -278
41 -520 489
293 802 506
548 837 591
-396 -58 -260
-96 79 -292
411 889 456
-855 494 -113
-640 643 10
405 860 605
-394 105 -140
574 709 591
312 -420 501
-227 186 -82
368 681 754
69 -726 357
-160 156 -100
427 738 607
-760 573 -283
600 909 751
141 -535 474
-383 84 -271
-725 712 -19
586 859 683
147 -419 258
200 -694 380
-302 117 -178
-862 665 -156
36 -725 463
31 -487 452
56 -658 504
407 646 448
-285 195 -78
-171 47 -243
-853 491 -116
158 -695 328
-608 514 -190
336 720 579
544 630 755
-727 511 -250
-840 749 -27
-793 494 -164
-799 513 -85
-300 124 -295
569 611 651
193 -452 447
-572 714 -64
-773 667 8
-663 591 -262
596 821 478
311 643 705
-657 560 -29
466 845 744
597 786 699
457 881 497
-274 54 -186
-630 734 -131
84 -632 267
-820 794 -225
527 780 703
556 751 496
103 -578 402
575 796 468
-607 639 -51
351 778 752
-135 -64 -115
130 -533 496
-215 32 -85
587 898 670
376 733 728
204 -699 509
-804 521 11
-280 108 15
-245 0 -112
-673 677 -69
-737 657 -65
582 728 491
-772 590 -65
-702 600 -63
-586 621 -1
-760 620 -25
-392 -47 -100
124 -654 482
-785 541 -149
-786 790 -194
-93 167 -228
-586 596 24
-685 691 -22
-671 640 -235
-332 180 -42
159 -664 259
155 -498 491
289 -577 489
-346 216 -155
-280 60 -12
293 -632 510
437 739 731
-295 177 -153
-768 649 -139
99 -441 262
-112 -100 -39
-298 55 -290
-273 19 -287
-161 4 -57
-773 491 -44
-153 -12 -127
657 -343 -72
204 -504 259
-604 575 -100
-795 709 -60
-813 639 -154
-848 751 -268
68 -537 422
68 -540 279
-308 204 -111
227 -688 255
344 634 673
306 602 738
-683 766 -25
380 714 662
166 -663 475
315 904 742
442 748 620
-621 517 -68
-737 524 -92
345 -500 303
278 -441 249
203 -435 417
99 -533 507
382 875 696
191 -463 382
-397 -11 -135
-112 16 -68
-318 190 -143
181 -555 408
-191 201 -281
524 922 646
-806 591 25
-387 40 -2
-745 558 -150
49 -610 229
328 669 614
-656 540 -80
443 890 581
118 -523 269
341 819 445
194 -488 259
274 -507 289
340 -582 474
-127 66 -231
266 -551 286
300 -569 373
40 -437 398
339 614 499
325 612 472
369 614 617
384 723 440
-623 538 -8
335 -531 268
341 -476 512
-754 766 -95
314 700 612
336 852 677
-287 114 -172
-273 -82 -88
-133 43 -71
-235 204 -298
-740 735 -89
584 676 490
342 -704 436
184 -466 212
-756 739 -78
-594 480 -25
-192 -70 -88
446 830 520
501 769 542
-334 133 -138
531 897 515
311 766 602
-97 26 -168
386 641 506
185 -682 209
343 838 722
-745 748 -34
570 636 713
50 -717 397
-590 603 -181
67 -506 419
-103 151 -293
-613 727 -45
445 644 607
-862 677 -227
-300 116 4
602 626 601
389 760 738
-346 198 -100
249 -536 497
487 892 532
486 878 462
-604 673 -115
555 826 591
121 -463 228
-802 636 -123
-576 608 -268
442 872 735
-387 -3 -36
213 -532 227
-109 191 4
-878 542 -186
-193 -24 -17
340 653 681
382 655 558
421 807 710
-737 557 -48
-299 48 -65
-378 79 -298
-881 534 -187
-804 736 -132
-815 485 -26
594 633 482
-638 527 -59
-612 714 -18
-358 208 -183
-780 743 -197
-192 2 -295
375 850 606
88 -718 467
88 -477 478
129 -674 328
101 -656 250
-286 205 -88
77 -494 200
335 914 561
-758 639 -222
42 -659 349
-730 701 -120
286 -470 240
-632 617 -209
-680 732 -154
227 -643 416
387 922 555
291 607 739
-680 641 -263
349 -491 211
165 -556 202
-313 216 -278
316 905 722
-350 124 -66
-258 14 -27
-594 652 -239
-174 72 -123
70 -456 254
446 888 494
456 821 732
493 616 473
-136 165 -177
-228 19 -114
575 666 563
-708 781 -120
186 -421 230
457 775 622
-158 160 -169
570 905 494
-707 766 -147
145 -540 519
533 861 503
520 886 756
219 -678 497
-306 -77 -224
307 -577 379
213 -714 492
-404 152 -118
-777 622 -112
213 -459 334
174 -725 381
-384 133 -99
-300 -81 -204
241 -599 332
-581 619 -99
-199 -66 -42
-758 734 -144
-668 535 -270
526 656 482
96 -532 398
-866 773 -201
313 720 732
605 695 550
196 -539 245
-670 576 -170
-216 173 -218
204 -690 425
-614 746 -180
-644 580 -46
31 -414 294
46 -449 341
64 -433 289
600 731 688
32 -729 456
374 828 521
-587 713 -7
-766 646 -30
-602 485 -135
-753 586 -80
-638 511 -196
-790 765 18
562 892 489
-671 581 -193
378 849 536
524 882 608
-116 8 -228
421 780 466
-348 119 -295
132 -532 257
-292 98 -157
336 -556 519
347 673 601
463 657 505
289 -696 305
142 -623 421
-100 36 -244
38 -582 509
599 792 710
-598 788 -76
348 614 730
316 -435 236
408 694 518
570 613 575
-872 636 -81
602 686 735
-871 775 -157
449 678 567
-593 506 -259
82 -697 262
149 -578 492
-151 -39 -112
-216 123 -260
-349 -86 -121
-822 683 -164
-242 165 -38
181 -615 356
131 -583 234
-283 -47 -141
129 -636 402
-131 169 -14
-353 67 -152
408 668 482
311 917 460
-258 25 -287
-250 152 -298
-688 765 -104
-684 475 -223
-256 35 -122
133 -470 413
435 907 653
396 737 636
-858 667 -179
-385 197 -149
300 868 481
418 835 442
402 912 647
-839 481 -251
-186 -45 -283
-674 720 -102
99 -566 271
-329 12 11
-651 746 -168
438 686 491
603 803 482
-725 626 -106
153 -471 369
161 -616 492
-573 529 -163
-868 499 -172
-672 489 -191
447 631 681
113 -713 373
237 -690 395
139 -463 497
337 879 721
-268 206 -92
-797 752 12
416 737 495
521 757 677
560 649 441
-226 70 -120
207 -450 347
138 -497 402
590 777 618
-651 560 -137
-383 164 -149
473 852 466
-814 650 -26
-704 675 -227
606 677 485
365 605 545
383 628 754
-335 171 -256
-243 118 -286
229 -472 487
509 652 585
178 -501 233
-683 476 -77
491 836 520
-869 652 -123
39 -436 268
-274 71 -185
-870 531 -284
473 886 711
245 -719 291
-177 -93 -105
-626 582 -158
-91 2 -167
412 862 481
117 -507 441
-321 211 -69
-824 526 -139
-645 499 -90
600 634 655
313 789 496
-676 761 -131
485 607 533
244 -468 324
-782 509 -39
32 -481 201
-352 159 -236
228 -616 440
268 -565 274
-307 -35 -131
-271 75 16
324 641 568
489 900 545
349 -497 488
-705 674 -168
-258 131 -248
554 703 467
409 615 571
-204 149 -116
97 -525 369
-702 788 -278
193 -606 509
-584 672 -25
-349 -90 -74
-312 129 -202
-309 59 -158
91 -662 261
-98 -71 -120
-173 160 -157
112 -414 429
-175 4 -114
92 -579 232
306 -503 428
-190 127 -290
544 710 719
548 770 522
439 787 595
-732 669 -28
-742 712 -110
-257 127 -280
326 665 613
-627 762 -229
251 -554 412
336 784 702
-334 54 -284
-347 122 -283
497 681 617
-606 676 25
301 715 498
-871 710 -250
-102 -27 -127
573 741 489
576 897 735
-241 -3 -23
414 901 604
328 -626 307
-832 761 29
-195 150 -269
-661 795 -163
534 610 511
454 790 614
276 -526 341
533 657 730
166 -431 225
259 -672 346
330 843 513
343 800 445
462 633 643
88 -673 247
-722 610 -280
-302 216 -151
415 832 596
377 710 641
183 -575 218
287 630 619
-379 104 -65
215 -461 281
-217 153 -184
564 808 569
360 733 733
-126 34 -196
115 -569 201
-682 760 -54
129 -547 336
-164 8 -126
-332 -31 -269
165 -701 344
593 814 714
-234 131 -125
-277 -74 -290
-629 650 -145
160 -510 513
549 682 505
136 -580 418
593 807 617
-189 -63 -293
-566 708 -77
421 868 574
-284 154 -168
-693 653 31
64 -430 511
-864 694 -178
178 -624 237
-727 631 -25
435 861 480
430 827 485
276 -703 406
-772 497 -198
216 -525 312
-275 -69 -86
-799 560 -50
559 693 757
-142 -2 -23
281 -458 377
-105 65 -193
-358 212 -205
-860 644 -23
562 666 575
-737 675 -85
322 799 728
-303 207 -1
-729 727 -278
424 817 610
466 744 507
-121 71 -229
-170 92 -247
438 710 467
-177 91 -12
77 -431 371
428 676 688
-331 -80 -175
458 908 452
-274 -64 -106
459 634 755
-634 710 -37
-181 110 -71
275 -506 451
-295 -31 -245
-144 125 -234
-86 16 -279
-659 669 -65
-660 780 -271
-783 707 -207
345 -447 361
-801 617 -269
-107 20 -227
245 -526 302
449 665 529
69 -447 204
469 858 460
-281 207 -299
-584 765 -130
316 754 528
-383 76 -158
529 833 539
268 -420 377
-384 60 -181
-180 -70 -34
-366 195 -212
299 -589 497
-763 604 -64
-405 165 -79
157 -606 239
-807 647 -228
166 -430 503
311 720 505
-854 548 -273
-182 48 -205
285 -508 491
-126 169 -16
154 -620 355
-701 661 -200
432 881 532
567 667 611
159 -716 313
190 -425 372
-797 754 -34
-375 120 -67
-631 734 -238
-712 552 -283
563 667 571
253 -642 470
-604 769 23
-120 -82 -274
-725 633 -231
-234 -30 -49
-585 702 1
-371 197 -271
123 -434 297
211 -648 289
-607 491 15
-231 96 -117
-582 689 -209
-813 748 -141
-201 151 -102
565 772 477
333 -649 379
-697 492 -172
473 620 570
540 624 562
369 774 443
-660 542 -206
147 -604 220
160 -689 325
-285 209 4
-169 127 -190
-799 734 -157
-797 663 -45
-600 583 19
251 -546 510
-128 194 -148
