500
-52 -229 -359
567 19 374
-153 -145 -440
696 114 275
-31 -202 -409
893 531 420
660 699 275
-84 -367 -362
631 636 366
-662 263 -717
-320 -263 -463
-268 -309 -471
717 -37 156
620 582 320
-123 -102 26
-146 -163 -348
809 517 264
701 575 395
703 -140 398
-269 -418 -373
448 -158 222
-265 -228 -199
-292 -401 -328
676 438 410
-170 -327 -253
-18 -350 -300
714 690 247
-116 -190 -327
-78 -292 -288
817 482 383
615 66 344
-46 -67 -116
-55 -391 -328
907 614 342
617 -18 179
-176 -24 -38
788 484 213
547 -44 274
-304 -168 -510
432 73 364
-30 -370 -324
426 -55 317
-522 229 399
-26 -177 -375
692 607 202
-260 -215 -431
672 106 116
615 243 425
-86 -89 -161
816 578 394
493 139 233
424 -147 115
627 -150 129
591 675 104
-75 -194 -199
-95 -91 -272
-196 -387 -382
830 644 331
559 52 146
842 537 294
599 -69 166
-145 -80 -163
-161 -244 -195
596 -74 356
658 669 362
-129 -52 -98
-169 -436 -320
19 -58 -75
603 48 369
-183 -287 -422
-145 -362 -460
-167 -438 -327
61 -161 -177
-147 -107 -221
478 -104 252
-267 -369 -469
558 -153 310
39 -106 21
-327 -402 -490
560 1 201
47 -37 -162
686 27 138
-120 -255 -296
447 128 237
-181 -279 -124
652 -130 281
751 598 258
72 -63 -27
633 554 288
-39 -23 -118
-27 -174 -353
-147 -386 -304
443 -62 185
-63 -300 -93
1 -286 -256
498 -70 181
892 695 144
-226 -137 -167
830 670 407
696 -77 316
566 -3 369
646 561 390
483 -31 400
832 527 419
471 -63 265
697 596 441
616 609 402
555 -47 180
-161 -128 -37
884 555 249
209 -467 -243
671 573 388
-12 -262 -98
696 472 444
595 52 406
853 531 405
646 679 405
-231 -187 -495
655 660 175
618 593 280
-240 -212 -392
294 -296 17
-70 -267 -258
-157 -49 -284
673 596 400
-196 -223 -279
-199 -232 -273
826 465 237
-287 -351 -479
633 13 119
-137 -230 -373
683 -151 397
601 134 188
-163 -161 -357
-78 -164 -427
340 727 -439
-135 -115 -77
-77 -144 -11
-104 -294 -455
686 -3 118
-14 -429 -319
-168 -99 -17
737 130 409
-307 -372 -377
-229 -113 -133
707 79 241
865 623 329
-81 -257 -334
-67 -80 -121
627 434 134
36 -177 -276
-73 -105 -120
651 720 187
432 40 164
-469 -288 534
-273 -265 -344
-253 -225 -256
685 424 378
570 99 120
611 124 147
463 627 564
525 38 340
-140 -221 3
-192 -319 -19
-190 -435 -233
659 440 221
-40 -382 -394
-239 -158 -322
-38 -385 -310
162 -367 745
-247 -432 -459
813 638 352
924 541 354
-775 -145 -391
657 556 169
-109 -205 -117
-211 -422 -461
777 498 185
40 -312 28
753 582 364
730 10 126
841 517 266
645 637 394
-111 -106 -258
653 622 264
-111 -136 -35
-206 -67 -124
-59 -151 -249
-41 -211 -196
66 -148 -207
-74 -37 7
-278 -306 -369
-41 -416 -249
520 -82 358
-175 -82 -215
662 -147 386
-133 -212 -240
-190 -234 -426
772 581 299
32 -225 -89
668 53 251
-29 -332 -344
24 -129 -102
-332 -407 -240
-87 -208 -397
532 79 399
784 502 384
490 -75 285
536 -161 147
667 34 275
-18 -175 -252
-41 -159 -87
439 121 324
-1 -269 26
929 611 171
376 -640 12
684 87 268
-305 -169 -218
-72 -111 -101
-797 787 -3
-149 -70 -287
-302 -151 -362
6 -238 -115
817 710 406
-164 -173 -441
-23 -261 -354
478 21 327
865 544 349
574 -126 266
898 639 428
875 466 299
-234 -314 -341
545 -91 117
-68 -426 -466
-58 -27 -159
548 17 256
-23 -406 -451
-229 -220 -470
781 532 208
-130 -208 -214
-190 -253 -64
7 -235 -67
824 504 174
-297 -395 -437
-73 -243 -59
541 26 226
837 430 440
665 92 371
-34 -326 -61
-261 -295 -340
810 637 137
96 481 97
-191 -209 -30
-87 -286 -327
15 -272 -128
467 -31 225
-29 -343 -253
880 663 150
-194 -442 -295
458 -41 312
77 -291 -216
-109 -50 26
627 -44 103
482 38 340
-361 -45 -281
721 496 157
-278 -416 -439
-127 -184 -204
-254 -397 -277
729 77 293
851 439 339
-168 -380 -397
-161 -209 -96
934 602 274
731 719 196
854 705 285
-255 -283 -258
-88 -230 24
-285 -269 -415
-216 -251 -444
-201 -785 -238
-147 -53 -28
589 -78 341
459 83 361
-204 -317 -342
705 -166 357
645 717 307
-150 -700 -27
-108 -449 -297
524 -141 118
824 457 324
18 -65 -125
424 98 104
-171 -163 -492
-123 -158 -84
621 496 179
-170 -228 -102
512 -14 113
-154 -199 -280
-166 -30 25
-181 -401 -385
-32 -328 -410
504 -14 330
709 -45 195
-223 -313 -57
16 -80 -55
785 463 290
543 -28 248
665 -134 411
771 622 308
-19 -305 -314
818 548 203
602 124 116
-19 -254 6
-180 -151 -321
893 703 301
923 609 227
-304 -211 -370
-112 -390 -214
-233 -206 -267
874 456 160
676 103 229
57 -159 -49
-216 -119 -259
516 3 225
-185 -181 -353
480 327 -38
743 602 316
482 119 296
894 448 238
622 98 244
-60 -189 -287
911 730 169
785 452 434
490 -164 341
-74 -115 -122
616 538 384
-184 -146 -449
-151 -198 -76
82 -174 -220
643 -149 409
-177 -144 -23
71 -321 -162
-1 -242 -74
-43 -75 -285
623 73 -348
620 432 438
-121 -85 -163
751 586 411
-90 -310 -110
-138 -177 -356
-319 -255 -418
-314 -401 -438
-124 -141 -399
732 495 413
554 -23 301
75 -268 -262
857 606 412
616 706 276
76 -257 -110
-42 -258 -98
648 538 223
-46 -20 -239
-100 -194 -265
-266 -385 -241
-188 -105 -157
-306 -255 -442
717 23 123
688 642 405
873 515 198
-316 -337 -482
423 130 386
-256 -218 -351
560 -97 342
-115 -166 -476
-295 -331 -425
-48 -127 -33
571 -123 279
73 -347 31
654 523 179
713 -48 179
735 -25 324
-236 -59 -22
-142 -450 -262
-27 -51 -90
-60 -129 -13
680 131 251
-73 -52 1
929 684 222
-202 -230 -455
645 -104 421
-149 -196 -450
710 556 374
719 510 313
42 -238 -255
436 -150 257
920 504 422
673 20 213
657 673 320
-21 -271 -276
-74 -197 -132
-71 -121 -135
-178 -313 -488
-430 -231 78
638 -98 319
716 10 215
546 117 287
842 584 247
703 626 152
30 -83 -13
1 -228 -174
-205 -295 -303
725 -37 304
779 479 280
-21 -135 -198
713 142 208
658 66 420
222 139 -523
-252 -372 -288
634 -137 339
604 26 211
613 -131 166
675 497 294
727 721 236
-160 -192 -81
832 513 183
-189 -154 -82
-233 -185 -388
-115 -741 428
477 135 258
487 -86 290
-56 -319 -302
617 426 308
588 55 397
640 9 354
-106 -84 -230
-236 -237 -201
22 -131 -159
750 416 328
-132 -248 -130
-238 -48 -466
780 654 231
920 680 315
-141 -119 -122
673 37 136
542 93 405
695 685 200
722 709 324
-128 -138 -247
684 676 385
801 641 254
-6 -124 -93
591 107 124
695 102 357
674 92 113
724 60 165
622 126 236
798 462 234
804 434 268
-153 -321 -231
-217 -37 -17
657 425 317
-152 -71 -69
-146 -396 -409
798 647 360
719 550 279
-136 -288 -283
-235 -297 -261
468 81 224
-85 -88 -214
549 -12 223
573 27 371
-161 -289 -58
750 730 374
503 -4 364
568 24 379
653 544 193
81 -141 -195
839 723 284
655 488 364
562 -5 231
675 626 222
709 530 378
-186 -255 -205
-118 -304 -202
-185 -13 -214
-92 -305 -83
-201 -271 -266
-688 -362 374
-246 -361 -444
-49 -404 -454
281 556 -734
788 585 193
-191 -377 -357
602 -107 225
-747 -6 484
-288 -269 -473
-74 -224 -478
-109 -167 -222
721 614 274
