1000
789 -359 -263
-135 -262 -759
771 -225 -337
725 -302 -347
-53 592 -183
-199 -362 -684
625 -274 -340
-260 -256 -743
-68 -70 -644
-93 613 101
-214 116 -178
-101 -387 -670
809 -177 -182
563 -222 -210
-170 507 -192
680 -365 -199
-77 367 -139
7 -70 -521
-223 251 -410
-261 257 -387
765 -246 -139
540 -159 -75
-168 468 51
-31 -215 -611
-340 78 -401
642 -238 -128
-242 -179 -769
-85 399 -68
-32 -316 -503
38 556 22
-183 462 -83
-113 -357 -717
-74 87 -401
61 631 39
103 674 -121
68 461 44
-156 463 -50
-106 367 6
-129 372 -96
-137 392 -346
-83 593 -180
760 -115 -189
-112 -167 -626
653 -91 -297
4 630 116
-31 642 91
-122 -74 -696
544 -155 -263
-247 -126 -505
48 661 94
-366 288 -384
637 -337 -211
-350 113 -160
-301 342 -181
-99 310 -127
-100 92 -311
523 -289 -263
-358 468 -622
-45 521 -155
-22 568 100
62 380 36
-93 375 -79
775 -120 -96
-287 313 -135
32 434 -22
736 -247 -345
55 652 -89
-175 -364 -525
-292 106 -237
-236 384 -237
-196 535 -110
-48 668 107
-345 211 -315
-279 307 -95
-262 -358 -687
-144 -285 -493
-316 128 -163
631 -102 -346
101 561 -30
534 -248 -363
-216 224 -405
-118 212 -360
-60 -163 -574
-154 329 -296
-195 308 -182
-66 -144 -549
733 -54 -69
-227 278 -127
-49 -216 -588
-173 -85 -660
-291 208 -167
-15 586 -10
-197 -286 -590
-358 246 -202
-277 -262 -807
21 -268 -581
-67 -216 -753
-106 326 -205
602 -115 -298
-77 539 -137
780 -314 -256
-44 -340 -683
-199 -263 -504
735 -263 -86
-279 -108 -771
805 -84 -87
-204 496 125
-329 -307 -494
-19 -70 -519
659 -255 -232
-314 366 -130
-145 670 70
-24 -109 -755
591 -95 -272
-92 365 58
-371 171 -363
559 -346 -82
-215 -160 -604
-92 320 -130
702 -84 -165
-200 365 -148
-71 -349 -671
599 -249 -271
-222 -180 -648
39 469 -75
17 645 121
-368 330 -322
-216 272 -160
-37 454 -43
500 -66 -320
-293 -299 -805
-168 670 -116
-142 -100 -655
766 -345 -143
-76 247 -258
-108 626 -118
-262 160 -274
70 593 -168
-67 100 -383
-250 286 -268
-122 391 75
-87 333 -397
510 -159 -264
-97 244 -317
-63 603 120
52 606 -109
739 -286 -155
631 -360 -317
573 -330 -107
54 492 63
687 -312 -293
-260 140 -300
-206 338 -402
-119 169 -351
714 -251 -377
682 -65 -190
807 -83 -316
-311 85 -298
-54 491 3
72 477 -176
19 -199 -718
700 -366 -120
519 -358 -236
-121 -127 -581
-153 114 -108
-134 683 -40
-226 -348 -768
-115 220 -151
-299 -389 610
537 -352 -119
-110 526 -79
-86 -524 -628
-177 650 -90
-314 255 -263
-188 563 -9
-194 -346 -585
-78 -109 -545
-66 229 -216
-196 599 -165
-112 90 -245
647 -170 -346
-255 279 -255
688 -58 -94
692 -77 -86
-237 -293 -566
-31 -306 -747
5 390 -93
2 535 -50
-77 362 -222
-164 436 62
503 -217 -366
787 -356 -161
6 -320 -616
-202 292 -102
-218 104 -179
-250 -168 -676
-93 395 -321
-60 -111 -598
-230 213 -262
-84 -77 -730
-74 179 -220
-315 377 -94
-185 273 -303
-204 -105 -585
618 -122 -259
-72 204 -167
-209 404 -74
507 -157 -337
-325 87 -289
745 -199 -284
710 -185 -99
-118 113 -276
736 -350 -117
-20 583 -74
-136 370 -89
-228 381 -117
-45 -195 -801
-40 -348 -610
-100 -104 -514
63 608 37
-21 580 -54
803 -236 -370
-196 150 -238
105 627 -165
802 -187 -89
10 516 -61
-112 585 67
-61 650 37
661 -163 -238
-212 -326 -495
-352 378 -200
-177 670 -171
-68 -387 -609
-133 468 -193
-79 317 -249
44 623 40
795 -209 -108
-36 522 43
-143 162 -366
101 587 -92
-26 505 -106
101 402 -25
-214 -188 -604
-3 668 -37
-147 365 -145
558 -231 -186
-186 391 -147
-208 563 126
-84 357 -384
-107 97 -325
-27 -237 -558
-194 401 -44
103 683 -69
-356 312 -343
645 -216 -111
597 -95 -259
628 -94 -162
-113 -173 -677
-175 189 -258
-229 264 -341
-127 337 -288
-73 407 41
-250 -188 -767
-193 -293 -514
575 -275 -152
-130 -191 -636
15 -119 -706
44 393 72
-37 -194 -633
690 -248 -359
585 -283 -149
63 638 -113
-125 614 61
803 -165 -258
-15 486 77
-34 661 -89
786 -326 -257
-361 167 -252
-208 114 -169
-214 -349 -632
-204 648 98
-362 132 -379
-224 -151 -603
612 -137 -361
517 -229 -268
809 -243 -287
-137 218 -184
-110 193 -271
818 -153 -162
-22 -99 -747
-168 380 -309
-317 103 -128
599 -154 -79
617 -168 -71
706 -173 -287
725 -105 -119
-329 290 -199
-84 -272 -645
740 -302 -270
2 399 -90
61 497 -187
29 399 33
739 -301 -306
-176 267 -266
676 -117 -160
72 619 117
-22 -161 -551
555 -161 -181
-246 326 -214
-251 -231 -774
743 -228 -108
-72 -119 -724
-184 -223 -776
-279 273 -287
662 -243 -105
-53 497 -27
-149 -176 -764
-167 337 -306
785 -71 -373
611 -126 -377
510 -282 -95
-345 112 -212
-99 260 -355
-134 -301 -678
-249 -178 -755
-139 -384 -702
809 -252 -340
-135 367 -66
-192 493 12
-360 181 -393
-72 -318 -498
-3 -333 -629
-149 611 -126
-256 -250 -768
588 -67 -190
-71 368 -140
655 -218 -312
-123 395 77
731 -94 -150
-163 101 -351
-251 -175 -542
-83 505 -75
-110 165 -140
-49 -334 -507
-62 -74 -611
603 -318 -251
-331 130 -333
699 -180 -303
-230 353 -366
790 -178 -146
-9 -295 -620
661 -231 -231
-39 479 -75
-131 -275 -638
699 -98 -217
688 -207 -374
682 -119 -108
733 -276 -251
-216 378 -193
-122 218 -402
-32 647 -142
-34 613 -103
23 445 -95
-297 336 -259
-205 216 -346
-300 186 -353
2 645 1
-83 -205 -636
-22 -326 -680
-278 -268 -772
611 -244 -70
-96 -267 -606
70 554 -91
762 -220 -238
-383 274 -371
-198 581 -69
-169 -113 -533
-67 -227 -613
-206 -126 -747
-73 393 -123
-167 190 -128
628 -71 -212
-106 -187 -775
-358 218 -383
17 -371 -538
-147 -136 -586
693 -146 -129
-80 -166 -708
-272 295 -102
-172 521 -36
-338 357 -185
-110 354 -267
-310 -505 361
-126 414 -82
-95 367 -91
-232 -192 -732
-71 123 -280
574 -322 -92
-307 315 -238
64 637 28
-251 -266 -547
-10 -84 -682
-298 -270 -662
-139 -298 -665
-319 184 -286
6 -186 -528
-368 183 -265
695 -261 -383
-154 594 -6
590 -296 -230
-128 -255 -598
-175 -242 -648
-293 -356 -529
-90 538 45
564 -57 -289
779 -181 -127
-107 -197 -558
70 491 -71
597 -292 -381
-305 345 -102
-143 385 -377
50 557 -55
-118 422 -181
-95 -228 -783
-154 152 -108
-368 -594 -630
-288 393 -288
-152 -207 -551
649 -296 -91
-234 -200 -523
-211 -169 -699
-21 580 -167
-34 639 -77
-84 681 110
-11 601 -117
-166 123 -369
809 -112 -164
-128 -257 -809
807 -195 -260
-206 131 -176
-161 368 -123
518 -290 -102
-91 164 -265
32 602 43
772 -118 -178
592 -149 -257
-60 -228 -802
59 516 65
-104 262 -92
-39 645 82
-239 -273 -541
525 -286 -314
713 -164 -253
-160 342 -281
-208 219 -168
-111 500 54
-219 -220 -502
-101 106 -99
801 -125 -204
677 -363 -285
-159 175 -363
-77 175 -334
-275 -237 -571
-66 445 83
-221 -357 -798
717 -306 -227
504 -194 -311
686 -164 -153
-288 -247 -763
708 -184 -249
-365 97 -177
-169 428 -185
782 -76 -164
-93 -220 -784
-93 296 -298
-124 -372 -773
-50 515 -156
805 -349 -381
610 -347 -318
-118 -329 -592
754 -349 -274
-243 247 -152
-210 -306 -762
14 408 -156
-157 483 -107
773 -271 -269
88 373 -176
10 -158 -773
542 -58 -321
815 -313 -345
-159 -312 -682
-74 231 -125
-122 380 -338
-241 277 -114
747 -184 -238
653 -252 -173
43 586 -80
2 -210 -703
-332 85 -253
68 515 30
-105 322 -133
-146 -334 -682
-59 376 -151
-148 -105 -813
-151 541 -138
14 -170 -562
-372 136 -194
-191 -349 -783
-336 152 -336
-91 366 47
573 -145 -287
-148 463 36
-6 -316 -734
-233 128 -203
-293 100 -275
712 -92 -121
-89 193 -224
-364 83 -319
101 469 56
61 572 44
-7 -357 -512
-311 283 -396
-23 -373 -599
5 668 -45
3 -218 -664
49 501 -11
-381 153 -65
662 -170 -356
-72 442 -93
-80 529 -13
-91 573 7
762 -122 -234
-220 -210 -587
-43 529 126
-237 193 -381
-39 -289 -623
-90 477 12
45 620 72
-196 -303 -559
522 -58 -355
694 -224 -102
-261 -310 -507
-149 173 -97
-290 326 -212
55 574 -77
-244 -291 -495
-81 -213 -572
-53 -368 -781
36 670 -164
-296 272 -110
-273 -313 -577
-118 451 40
-197 546 -39
-236 340 -219
28 665 -21
-57 -271 -666
-201 -234 -748
46 426 -83
557 -197 -257
718 -118 -101
-138 347 -269
-174 118 -120
-207 -215 -613
-231 183 -380
88 503 22
-178 194 -103
-212 -149 -527
-267 355 -236
607 -120 -76
-82 202 -391
747 -247 -333
557 -250 -314
509 -104 -201
-100 481 -140
763 -130 -300
-190 -125 -605
-30 633 -137
722 -303 -316
559 -129 -117
82 509 -179
-67 219 -335
-141 303 -332
-190 416 -192
-95 590 -114
-242 322 -366
-255 -283 -774
-120 333 -216
-280 -143 -770
686 -92 -231
-374 105 -197
-353 178 -345
-165 78 -374
-103 660 -165
-87 -180 -552
-193 387 -191
-248 177 -314
733 -56 -73
763 -182 -271
66 422 -156
-15 -204 -655
-2 -174 -725
-366 358 -302
-204 579 -87
-107 521 101
12 658 -42
-183 231 -235
-59 -86 -706
-167 636 -12
40 526 -148
-95 315 -107
9 640 -179
-38 -370 -521
-7 -359 -686
501 -351 -287
-190 309 -159
-147 578 -30
662 -219 -65
-78 504 1
746 -230 -118
-123 569 3
-62 642 -86
-94 163 -211
17 -151 -705
-12 -267 -537
-146 113 -394
760 -82 -372
-248 124 -410
684 -123 -338
-85 127 -146
-5 -249 -602
-330 395 -151
646 -355 -120
542 -342 -367
17 547 -74
-384 154 -390
-180 -283 -607
-194 247 -162
-243 -185 -718
751 -74 -190
102 413 48
517 -244 -146
-200 360 -172
-3 572 -3
-279 -374 -571
614 -342 -239
-78 639 -163
-66 350 -237
680 -52 -286
558 -113 -79
-358 224 -130
-60 -206 -770
-114 333 -217
-358 389 -362
-229 -376 -757
-95 652 8
-152 -284 -630
4 -131 -649
-153 -265 -732
-166 598 108
34 518 -121
-88 402 -116
-120 -298 -498
573 -68 -132
734 -173 -67
-171 393 -249
-258 313 -167
-64 -219 -770
779 -131 -373
-134 -133 -574
-97 105 -223
11 -260 -529
-197 100 -246
-223 -307 -497
-177 301 -276
-107 336 -344
-207 -182 -580
-308 352 -283
-152 -227 -533
-117 575 -45
-201 494 -1
-281 -153 -759
-292 -181 -707
-11 519 -131
-97 674 13
802 -197 -282
-9 502 -124
-122 -79 -665
-227 91 -287
732 -116 -123
-89 156 -283
-175 622 -98
638 -110 -264
576 -77 -327
18 -287 -752
-126 656 114
-253 -278 -595
-255 -203 -601
-130 583 -137
-28 -149 -524
737 -68 -363
80 491 -113
690 -239 -299
699 -357 -351
625 -215 -213
637 -216 -224
-75 296 -298
-169 303 -322
694 -183 -117
-116 236 -285
-34 -358 -579
717 -273 -221
650 -87 -353
101 674 100
682 -105 -305
-191 441 126
-196 -375 -744
-68 -92 -711
685 -140 -288
-173 -288 -735
-270 -148 -509
-277 -119 -640
-178 424 -72
713 -80 -296
-241 251 -181
-71 -242 -543
536 -326 -169
-41 -336 -722
-150 209 -195
-301 168 -389
-36 -247 -581
606 -246 -276
-73 601 6
-306 150 -257
679 -234 -242
-49 444 -178
59 635 -81
-362 376 -170
-64 -226 -622
-185 517 28
-364 221 -270
776 -311 -66
71 611 -89
-83 451 18
-204 611 -176
765 -266 -227
45 493 -51
-157 364 12
-89 -202 -570
-290 301 -152
-193 -140 -748
-71 392 -385
776 -326 -249
-214 468 35
60 404 -79
555 -331 -375
-121 497 -178
693 -242 -342
-284 -387 -807
99 517 -296
-135 447 -41
-298 -144 -610
-116 128 -233
-138 264 -218
600 -75 -124
-144 667 52
-168 484 -66
-81 641 -6
-224 240 -389
13 374 -48
-81 300 -222
-171 155 -286
-297 266 -356
-292 335 -226
-344 133 -342
810 -118 -207
-305 346 -246
-280 -346 -571
-197 255 -372
-253 -82 -714
-229 181 -252
-208 244 -137
-213 -86 -752
-18 408 -93
-186 -187 -664
622 -172 -139
-325 167 -181
-220 -174 -665
-80 581 28
-173 -146 -696
-128 86 -109
-203 580 64
-148 -325 -544
-47 -208 -500
19 -295 -545
58 659 -29
-201 122 -196
642 -289 -314
-93 661 -81
-309 317 -108
-114 399 -182
552 -193 -98
-176 629 -90
737 -209 -371
-20 410 -165
-54 447 88
-68 611 -35
-170 303 -218
34 506 -8
-382 318 -187
559 -322 -135
535 -161 -207
705 -194 -110
-212 -286 -734
699 -299 -284
554 -141 -184
14 520 -102
510 -191 -114
-217 155 -117
-148 -273 -729
641 -234 -324
-124 159 -200
509 -208 -200
17 -77 -528
587 -156 -65
770 -154 -352
8 404 -168
-107 524 24
-71 291 -253
758 -150 -267
-45 621 -178
-63 -195 -811
525 -209 -170
-211 364 -131
-269 -279 -553
-232 331 -158
-104 398 -90
-199 670 60
92 490 116
732 -238 -119
-290 -351 -675
797 -340 -292
-375 221 -304
-173 -75 -696
-143 -98 -781
-298 -166 -759
-74 -258 -722
-285 -339 -593
-99 -200 -629
102 560 -75
21 374 24
778 -197 -207
559 -367 -98
663 -55 -94
-259 239 -351
-284 -269 -611
504 -291 -82
-97 -326 -528
-69 266 -112
-268 187 -109
-119 251 -197
-179 146 -101
-21 -137 -626
-138 479 92
705 -133 -321
15 463 -70
-252 190 -402
-229 365 -271
-97 399 -20
-133 398 -164
648 -193 -78
-22 -326 -737
-108 442 -20
597 -327 -76
689 -244 -366
-282 293 -225
102 465 110
-239 -298 -633
537 -197 -79
-104 -219 -746
0 -328 -723
-66 -357 -664
-125 -352 -560
-335 206 -357
571 -164 -213
670 -258 -357
-251 337 -108
-264 107 -161
-110 231 -382
-179 434 -114
806 -283 -66
-59 483 79
-16 -118 -804
727 -102 -382
-325 204 -238
-79 526 77
-180 671 -173
-330 199 -381
-132 -102 -757
637 -294 -67
-209 310 -274
-151 159 -320
758 -158 -381
7 474 -23
-247 -86 -536
-198 644 -171
-173 193 -192
599 -167 -285
680 -366 -154
526 -302 -319
649 -314 -92
-257 -98 -609
-251 232 -188
611 -264 -93
728 -196 -241
-186 409 -75
773 -254 -329
-93 -271 -678
-225 -231 -709
815 -271 -337
-157 197 -118
-191 671 -73
-61 373 6
790 -164 -348
499 -365 -178
0 -243 -546
762 -210 -186
650 -52 -371
-259 -319 -538
-250 -358 -500
748 -76 -69
-277 -261 -780
-259 -243 -583
-181 -107 -764
-30 -313 -555
536 -263 -180
-234 -386 -797
-94 509 -147
-240 -305 -741
-322 101 -117
93 403 60
-287 -379 -606
76 381 -121
-153 584 91
21 676 102
-21 401 -49
-286 -97 -507
654 -177 -76
-108 150 -331
3 464 21
-150 -270 -613
-244 205 -333
-92 -292 -670
580 -365 -366
-88 255 -298
574 -74 -92
-214 280 -216
600 -274 -140
-210 -142 -517
684 -58 -183
70 538 36
-129 -167 -626
806 -80 -329
804 -146 -354
-159 -230 -611
74 494 -143
-325 324 -339
788 -235 -72
660 -240 -172
-168 123 -278
-298 -259 -649
751 -243 -259
93 503 127
-54 -134 -784
-208 90 -324
714 -60 -128
-233 -253 -509
-250 -318 -691
-217 -139 -645
-291 -212 -676
-242 -212 -709
-321 394 -280
808 -148 -254
-95 -328 -794
508 -265 -114
-120 380 -79
723 -320 -262
-371 218 -151
664 -141 -232
69 415 65
-137 -238 -494
-157 251 -311
-312 112 -119
-195 412 -71
-59 -191 -662
712 -148 -359
-98 279 -197
-181 381 -12
-47 489 69
-346 127 -228
-107 385 -163
